1 2
1 5
1 8
1 9
1 10
1 12
1 15 
1 18
1 19
1 20
2 3
2 4
2 5
2 18
2 19
3 1
3 4
3 9
3 19
3 16
3 13
4 2
4 6
4 5
4 12
4 15
4 18
4 20
5 3
5 6
5 11
5 10
5 9
5 3
5 20
6 16
6 17
6 3
6 4
6 18
6 10
6 11
6 13
6 15
6 19
6 13
7 16
7 12
7 13
7 4
8 7
8 4
8 2
8 17
8 18
8 20
9 2 
9 3
9 6
9 15
9 20
10 1
10 2 
10 14
10 17
10 18
10 20
11 2
11 6
11 7
11 14
11 18
12 11
12 17
12 19
13 2 
13 5
13 6
13 16
14 1
14 5 
14 6
14 8
15 9
15 14
15 1
15 2
16 6
16 8
16 3
16 19
16 14
17 1
17 9
17 3
17 18
18 2
18 4
18 6
18 17
18 13
19 6 
19 18
19 2
20 5
20 6
20 2
20 4
20 17
21 3
21 1
21 4
21 14
21 20
11 21
1 21
3 21
15 21
11 1
11 8
3 10
3 8
3 7
